0.0
0.0
0.0
0.0
0.0
0.3111111111111111
0.23728813559322035
0.0
0.0
0.0
0.0
0.0
0.0196078431372549
0.09876543209876543
0.0
0.0
0.32142857142857145
0.0
0.038461538461538464
0.018518518518518517
0.0
0.2222222222222222
0.014925373134328358
0.21052631578947367
0.0
0.13793103448275862
0.0
0.0
0.046153846153846156
0.018867924528301886
0.0
0.0
0.0
0.2916666666666667
0.23333333333333334
0.0
0.0
0.27450980392156865
0.2916666666666667
0.0
0.014285714285714285
0.3728813559322034
0.1044776119402985
0.017241379310344827
0.13636363636363635
0.14545454545454545
0.0
0.0
0.0
0.3389830508474576
0.0
0.0
0.01694915254237288
0.0
0.06349206349206349
0.018867924528301886
0.15789473684210525
0.0
0.24489795918367346
0.0
0.2641509433962264
0.12307692307692308
